10578 
73945 
25100 
83482 
85581 
5743 
12770 
67840 
52238 
62253 
2044 
98984 
3292 
37136 
86488 
68270 
87126 
65315 
60122 
26900 
49336 
56646 
34568 
15589 
52161 
70516 
98779 
55013 
2208 
38703 
13580 
15005 
16282 
22079 
96642 
85216 
7549 
43079 
20003 
2895 
79819 
70331 
11909 
54454 
76438 
44432 
27447 
56668 
42102 
24594 
28390 
40625 
20832 
4723 
91610 
6963 
31416 
94453 
47601 
94465 
32830 
85788 
35861 
5729 
16459 
29185 
52301 
63441 
39364 
24306 
55326 
28670 
43445 
90093 
91862 
98641 
88992 
16451 
2386 
15603 
67985 
15534 
64856 
60711 
52404 
84475 
41463 
77214 
75891 
63382 
99265 
65823 
43310 
22503 
85987 
21749 
12042 
40714 
55685 
37715 
